time: 1
[[2, 2, True], [0, 0, True], [2, 4, True]]
2 0
[[1], [], [], [], []]
[[], [], [], [], []]
[[], [], [0], [], [2]]
[[], [], [], [], []]
[[], [], [], [], []]

[0, 8, 0, 0, 1]
[0, 1, 0, 0, 0]
[-1, 1, 0, 1, 0]
[0, 0, 0, 1, 0]
[0, 0, 0, 0, 0]

time: 2
[[2, 2, True], [1, 1, True], [2, 4, True]]
1 0
[[], [], [], [], []]
[[], [1], [], [], []]
[[], [], [0], [], [2]]
[[], [], [], [], []]
[[], [], [], [], []]

[0, 8, 0, 0, 1]
[-1, 0, 0, 0, 0]
[0, 0, 0, 1, 0]
[0, 0, 0, 1, 0]
[0, 0, 0, 0, 0]

time: 3
[[2, 1, True], [1, 0, False], [1, 4, True]]
0 1
[[], [], [], [], []]
[[], [], [], [], [2]]
[[], [0], [], [], []]
[[], [], [], [], []]
[[], [], [], [], []]

[0, -1, 0, 0, 1]
[0, 0, 7, 0, 0]
[0, 0, 0, 1, 0]
[0, 0, 0, 1, 0]
[0, 0, 0, 0, 0]

time: 4
[[1, 0, True], [1, 0, False], [1, 3, True]]
1 1
[[], [], [], [], []]
[[0], [], [], [2], []]
[[], [], [], [], []]
[[], [], [], [], []]
[[], [], [], [], []]

[0, 0, 0, 0, 1]
[0, -1, 7, 0, 0]
[0, 0, 0, 1, 0]
[0, 0, 0, 1, 0]
[0, 0, 0, 0, 0]

time: 5
[[1, 1, False], [1, 0, False], [2, 2, True]]
0 2
[[], [], [], [], []]
[[], [], [], [], []]
[[], [], [2], [], []]
[[], [], [], [], []]
[[], [], [], [], []]

[0, 0, -1, 0, 1]
[0, 0, 6, 0, 0]
[0, 0, 0, 0, 0]
[0, 0, 0, 1, 0]
[0, 0, 0, 0, 0]

time: 6
[[1, 1, False], [1, 0, False], [2, 0, True]]
2 2
[[], [], [], [], []]
[[], [], [], [], []]
[[2], [], [], [], []]
[[], [], [], [], []]
[[], [], [], [], []]

[0, 0, 0, 0, 1]
[0, 0, 0, 0, 0]
[0, 5, -1, 0, 0]
[0, 0, 0, 1, 0]
[0, 0, 0, 0, 0]

time: 7
[[1, 1, False], [1, 0, False], [0, 0, True]]
2 0
[[2], [], [], [], []]
[[], [], [], [], []]
[[], [], [], [], []]
[[], [], [], [], []]
[[], [], [], [], []]

[0, 0, 0, 0, 1]
[4, 0, 0, 0, 0]
[-1, 0, 0, 0, 0]
[0, 0, 0, 1, 0]
[0, 0, 0, 0, 0]

time: 8
[[1, 1, False], [1, 0, False], [0, 2, True]]
0 0
[[], [], [2], [], []]
[[], [], [], [], []]
[[], [], [], [], []]
[[], [], [], [], []]
[[], [], [], [], []]

[-1, 3, 0, 0, 1]
[0, 0, 0, 0, 0]
[0, 0, 0, 0, 0]
[0, 0, 0, 1, 0]
[0, 0, 0, 0, 0]

time: 9
[[1, 1, False], [1, 0, False], [2, 2, True]]
0 2
[[], [], [], [], []]
[[], [], [], [], []]
[[], [], [2], [], []]
[[], [], [], [], []]
[[], [], [], [], []]

[0, 0, -1, 0, 1]
[0, 0, 2, 0, 0]
[0, 0, 0, 0, 0]
[0, 0, 0, 1, 0]
[0, 0, 0, 0, 0]

time: 10
[[1, 1, False], [1, 0, False], [2, 0, True]]
2 2
[[], [], [], [], []]
[[], [], [], [], []]
[[2], [], [], [], []]
[[], [], [], [], []]
[[], [], [], [], []]

[0, 0, 0, 0, 1]
[0, 0, 0, 0, 0]
[0, 1, -1, 0, 0]
[0, 0, 0, 1, 0]
[0, 0, 0, 0, 0]

7
3 3
